image: /home/sanjeev/catkin_ws/src/mowgli/maps/my_new_18_08_2021.pgm
resolution: 0.050000
origin: [-100.000000, -100.000000, 0.000000]
negate: 0
occupied_thresh: 0.65
free_thresh: 0.196

